0.17276856,0.03800865,0.09588575,0.22040559,0.18297725,-0.09794927,0.09207084,-0.01897648,-0.01604103
0.04073051,0.01422031,0.14524508,0.07576826,0.01182500,0.04436668,0.03310174,0.14905852,-0.02103227
0.03243523,-0.08493707,-0.25520307,0.06621254,0.08731790,-0.07417103,0.22765247,-0.14464295,0.00590361
-0.01897397,0.15230139,0.14601542,0.01437357,0.03676495,-0.08881246,-0.19881505,-0.03579161,0.01406266
0.12381351,0.12068695,-0.03859632,-0.02962001,-0.10420556,-0.14197391,-0.17016040,0.19582111,-0.04995333
-0.04391699,-0.12533989,0.07753506,-0.16150067,-0.02146099,-0.08955446,0.03854836,-0.05126997,-0.11829955
-0.00265138,0.04332327,0.00677977,0.03073013,-0.06311696,-0.03626265,-0.06706040,-0.03561332,-0.08085780
-0.00121704
0.06855155
0.05835702
0.02438638
0.05369458
0.00901016
0.05837962
-0.15713497,-0.00925741,0.05359175,-0.08105425,0.04169829,-0.09956314,0.10178429
0.06457490
